0001
0002
0004
0005
0008
0011
0012
0013
0015
0016
0017
0019
0020
0021
0022
0023
0024
0025
0026
0027
0032
0033
0035
0036
0037
0039
0041
0042
0043
0044
0046
0047
0049
0057
0058
0060
0061
0063
0065
0076
0078
0080
0086
0090
0092
0095
0098
0099
0101
0102
0103
0104
0105
0107
0122
0129
0141
0143
0148
0149
0150
0151
0156
0160
0162
0168
0175
0176
0177
0178
0183
0185
0186
0189
0190
0204
0205
0209
0212
0214
0217
0229
0231
0235
0237
0240
0243
0252
0257
0258
0265
0269
0271
0275
0277
0285
0294
0303
0306
0312
0323
0326
0331
0335
0341
0348
0360
0366
0377
0380
0387
0389
0394
0402
0406
0407
0411
0412
0443
0446
0455
0472
0474
0476
0478
0482
0496
0505
0559
0733
0768
0860
1001
1017
3346
5000
5001
5002
5003
5004
5005
5006
5008
5009
5010
5011
5012
5013
5014
5015
5018
