0406
0026
5002
0258
5014
0265
0061
0204
0341
0175
0004
0168
0046
0505
0306
0060
0012
0177
0389
5015
0294
0252
5009
0387
5010
0559
0176
0037
0027
0039
0036
0047
0041
5003
0104
0129
0407
0275
0183
5011
0212
0476
0049
0231
0277
0008
0042
0326
0101
0331
0151
0150
0185
0323
0209
0190
0472
0024
0033
0086
0063
0269
0285
0021
0478
0455
0446
0235
5000
5012
0001
0217
1017
0178
0229
0019
0380
5018
0078
0057
0366
0090
5006
0360
0016
0023
0025
0335
0312
5005
0095
0214
0186
0092
0015
0162
0474
0058
0035
5004
0105
0303
5001
0065
5008
0032
0149
0496
0102
0141
0402
0482
0011
0148
0860
0107
0411
3346
0271
0257
