0209
0023
0115
0004
0478
0017
0037
0060
0092
0061
0050
0034
0007
0062
5014
1589
0090
0049
0217
0148
0178
0430
0223
0269
0281
4541
0175
0101
0240
0103
0156
0505
0204
0043
0559
0229
0058
0185
5005
0044
0271
0102
0020
0133
0349
0160
0360
0265
0181
0258
0016
0099
5015
0078
0107
0387
0046
0130
0024
0122
0411
0162
0205
0307
0057
0299
0323
0005
0860
0341
0027
0200
0019
0331
0056
0212
5011
0104
5009
5012
0476
0482
0168
0036
5001
0303
0290
0008
0025
0047
0151
0011
0065
0147
0048
0032
0064
0306
5013
0000
0083
0406
0100
0197
0149
0033
0098
0494
0141
0013
0080
0493
0312
0366
