0015
0235
0175
0098
0147
0205
5016
5002
0411
0307
0341
0494
0062
0299
0237
0181
0455
0200
0412
0349
0733
1001
0377
0476
0271
0446
5006
0058
5001
0478
0061
0087
0505
5003
0335
0032
0482
0149
0185
0156
0389
0366
5011
0016
0148
0022
0265
0007
5014
0306
3346
0348
0223
0026
0102
0406
0224
0130
0197
0121
0286
5012
5010
0003
5004
0063
0312
0380
0257
0011
0092
0099
0294
0047
0115
0176
0042
0103
0231
0036
0240
0048
0186
0472
0107
0039
0151
0493
0122
0402
0117
0004
1017
0238
0258
0559
0024
0303
0387
5017
0214
0768
0021
0044
0331
0290
0860
0078
0104
0190
0046
0143
0101
0443
0033
