0476
0235
0360
0121
0494
0041
0209
0046
0275
0071
0036
0017
0185
5018
0505
0733
0411
0005
0098
0083
0493
5017
0446
5015
0151
0060
5012
0281
5003
0223
0143
0257
0265
4541
0335
0252
0065
0402
5010
0099
0012
5008
5016
0080
0243
0394
0326
0048
0205
0100
0064
0285
0015
0380
0286
0129
1017
0026
0149
5001
1001
0162
0240
5007
0003
0348
0366
5013
0013
0044
0860
0204
0033
0269
0039
0035
0147
5002
0327
0478
0178
0306
0212
0150
0389
0387
0004
0482
5014
0214
0058
0237
0186
0176
5005
0020
0050
0063
0156
0076
0057
0061
