0000
0003
0004
0005
0007
0008
0011
0012
0013
0016
0017
0019
0020
0022
0023
0024
0025
0026
0027
0032
0033
0034
0036
0037
0041
0043
0044
0046
0047
0048
0049
0050
0056
0057
0058
0060
0061
0062
0063
0064
0065
0067
0070
0078
0080
0083
0086
0090
0092
0098
0099
0100
0101
0102
0103
0104
0107
0115
0117
0122
0129
0130
0133
0141
0147
0148
0149
0150
0151
0156
0160
0162
0168
0175
0176
0178
0181
0185
0186
0197
0200
0204
0205
0209
0212
0217
0223
0229
0235
0238
0240
0252
0258
0265
0269
0271
0275
0281
0285
0290
0299
0303
0306
0307
0312
0323
0331
0335
0341
0348
0349
0360
0366
0380
0387
0394
0406
0407
0411
0430
0443
0474
0476
0478
0482
0493
0494
0505
0559
0860
1017
1589
4541
5000
5001
5005
5009
5011
5012
5013
5014
5015
5017
