0003
0004
0005
0008
0012
0013
0015
0016
0017
0020
0022
0026
0033
0035
0036
0039
0041
0044
0046
0048
0050
0057
0058
0060
0061
0062
0063
0064
0065
0067
0071
0076
0078
0080
0083
0098
0099
0100
0101
0103
0105
0115
0121
0129
0133
0141
0143
0147
0148
0149
0150
0151
0156
0160
0162
0176
0177
0178
0185
0186
0204
0205
0209
0212
0214
0217
0223
0229
0235
0237
0240
0243
0252
0257
0258
0265
0269
0271
0275
0277
0281
0285
0286
0306
0307
0326
0327
0335
0348
0349
0360
0366
0380
0387
0389
0394
0402
0406
0407
0411
0412
0446
0476
0478
0482
0493
0494
0505
0733
0860
1001
1017
4541
5001
5002
5003
5004
5005
5007
5008
5010
5012
5013
5014
5015
5016
5017
5018
