0003
0004
0005
0007
0011
0013
0015
0016
0017
0021
0022
0024
0026
0027
0032
0033
0036
0039
0042
0044
0046
0047
0048
0058
0060
0061
0062
0063
0065
0071
0076
0078
0087
0092
0098
0099
0101
0102
0103
0104
0107
0115
0117
0121
0122
0130
0133
0137
0141
0143
0147
0148
0149
0151
0156
0162
0175
0176
0181
0183
0185
0186
0189
0190
0197
0200
0204
0205
0209
0214
0223
0224
0229
0231
0235
0237
0238
0240
0252
0257
0258
0265
0269
0271
0275
0277
0286
0290
0294
0299
0303
0306
0307
0312
0323
0327
0331
0335
0341
0348
0349
0360
0366
0377
0380
0387
0389
0402
0406
0407
0411
0412
0430
0443
0446
0455
0472
0476
0478
0482
0493
0494
0496
0505
0559
0733
0768
0860
1001
1017
3346
5001
5002
5003
5004
5006
5008
5009
5010
5011
5012
5014
5016
5017
